50.3906 23.3559 31.5582
41.2525 23.9139 27.5354
-0.404417 -0.0342709 0.913932


//prism
81.1308 42.7926 32.6741
71.5373 45.4994 31.8758
0.0162575 0.335395 0.941937
//
2.41883 -44.1647 31.0229
3.52757 -34.8082 27.6722
0.0162579 0.335398 0.941936


//given example case
5.94881 -70.7532 48.9549
7.05754 -61.3968 45.6042
0.0162577 0.335397 0.941937

//red general quad
-2.47507 -88.1218 33.6506
-1.93028 -78.4563 31.1444
0.0773497 0.246151 0.96614


//simple scene
-89.6258 96.7713 82.3287
-81.0929 92.2005 79.8192
0.257776 -0.048587 0.964982

//double sphere green light
-3.687 -101.205 52.0725
-3.07687 -91.3615 50.4179
-0.0147326 0.166641 0.985908

//all at once
-10.4957 -96.6566 60.2187
-9.88557 -86.8133 58.5641
0.0723071 0.160972 0.984307

//mirror
50.3906 23.3559 31.5582
41.2525 23.9139 27.5354
-0.404417 -0.0342709 0.913932
